CS 100  
91 97 55 62 95 77 70 82 100 100 55 96 57 32 93 99 93
CS 180	
90 74 63 86 84 81 89 90 75 50 99 58 67 89 63 44 77 61 75 74 69 81 78
CS 181	
90 63 86 84 81 89 90 87 51 92 51 75 89 63 44 77 86 77 61
CS 191	
78 81 43 69 74 75 77 61 77 86 44 63 58
CS 250  
96 96 92 88 82 90 54 67 72 83 100 94 78 36 90 91 87
CS 291  
85 83 81 86 76 81 47 92 88 85 70 80 94 85 80 96 87 92 89 61 74 91 92 69 74 91 92 69 85 93 82 96 91 75 77 83
CS 330  
94 89 79 84 85 78 84 78 82 67 79 76 83 67 73 76 70 61 77 84 67 73 76 81 70 77 66 46
CS 470  
89 85 68 95 95 53 78 91 90 82 72 65 97 99
CS 495  
93 92 98 97 95 95 80 82 94 91 91 94
